1.544797721386201239e+01
1.626530048907796555e+01
1.384774349849100616e+01
1.416192077368038227e+01
1.536229149573721564e+01
1.775837830433848907e+01
2.365248401331243144e+01
2.586116780039138163e+01
2.726609616355080945e+01
2.555464732685622664e+01
2.591215930793881128e+01
2.523014070511696261e+01
2.551391777050321963e+01
2.551078203426935076e+01
2.565930630395140000e+01
2.633324894501246405e+01
2.594301447403520200e+01
2.532192725682624612e+01
2.570136183162285093e+01
2.589208373229161353e+01
