1.874673304872078461e+01
1.828660712105993724e+01
2.022275945562326172e+01
2.032732151563505951e+01
1.921874085365636020e+01
2.309112383579456917e+01
2.603843313258307290e+01
2.672526894158410471e+01
2.731739372634219620e+01
2.628003044138267441e+01
2.624042682579687025e+01
2.716910009551291694e+01
2.676564962783455215e+01
2.681342947106915631e+01
2.722498852157701066e+01
2.861747717741729957e+01
2.917533204609675224e+01
2.942515930288228532e+01
3.001732832881700475e+01
3.018873962258113153e+01
