1.890000000000000000e+02
7.426000000000000227e+02
7.417999999999999545e+02
7.400000000000000000e+02
7.453999999999999773e+02
7.492000000000000455e+02
7.550000000000000000e+02
7.577999999999999545e+02
7.593999999999999773e+02
7.612000000000000455e+02
7.633999999999999773e+02
7.637999999999999545e+02
7.647999999999999545e+02
7.663999999999999773e+02
7.673999999999999773e+02
7.682000000000000455e+02
7.687999999999999545e+02
7.696000000000000227e+02
7.707999999999999545e+02
7.720000000000000000e+02
