6.320000000000000000e+02
1.065599999999999909e+03
1.061400000000000091e+03
1.061599999999999909e+03
1.061000000000000000e+03
1.062799999999999955e+03
1.065200000000000045e+03
1.066400000000000091e+03
1.068000000000000000e+03
1.068200000000000045e+03
1.067799999999999955e+03
1.069400000000000091e+03
1.070000000000000000e+03
1.070599999999999909e+03
1.071599999999999909e+03
1.071400000000000091e+03
1.072400000000000091e+03
1.073400000000000091e+03
1.073200000000000045e+03
1.075400000000000091e+03
