3.286000000000000227e+02
8.450000000000000000e+02
8.397999999999999545e+02
8.380000000000000000e+02
8.397999999999999545e+02
8.430000000000000000e+02
8.460000000000000000e+02
8.486000000000000227e+02
8.513999999999999773e+02
8.516000000000000227e+02
8.532000000000000455e+02
8.537999999999999545e+02
8.550000000000000000e+02
8.562000000000000455e+02
8.580000000000000000e+02
8.592000000000000455e+02
8.630000000000000000e+02
8.633999999999999773e+02
8.656000000000000227e+02
8.672000000000000455e+02
