1.017840851999957685e+01
2.067462212472092631e+01
1.884038216172909586e+01
1.794435844492636178e+01
1.994592690250317801e+01
2.345548976252680973e+01
2.650283003756391409e+01
2.861048758759626409e+01
2.909707889118768875e+01
2.980872355536210705e+01
3.077401501266937345e+01
3.082466544830616328e+01
3.085060777359175432e+01
3.086486675817668157e+01
3.042761903271433965e+01
3.203373222089489758e+01
3.130111819088896041e+01
3.237653471265879546e+01
3.179559717948382414e+01
3.167333263172664815e+01
