4.074800608618782860e+01
2.122828302053654070e+01
2.278244938543702602e+01
2.284381754435978351e+01
2.363048878038708622e+01
2.370991353843366412e+01
2.415284662312084407e+01
2.235710177997139070e+01
2.272443618662518006e+01
2.292945703674642033e+01
2.152579847531793433e+01
2.285257097133711923e+01
2.213594362117865444e+01
2.187784267243916148e+01
2.188698243248712316e+01
2.233024854317568852e+01
2.284381754435978351e+01
2.259734497678875442e+01
2.217566233509159446e+01
2.270330372434813526e+01
