1.505999999999999943e+02
7.087999999999999545e+02
7.072000000000000455e+02
7.067999999999999545e+02
7.090000000000000000e+02
7.152000000000000455e+02
7.226000000000000227e+02
7.270000000000000000e+02
7.306000000000000227e+02
7.343999999999999773e+02
7.353999999999999773e+02
7.367999999999999545e+02
7.367999999999999545e+02
7.380000000000000000e+02
7.380000000000000000e+02
7.386000000000000227e+02
7.393999999999999773e+02
7.400000000000000000e+02
7.407999999999999545e+02
7.420000000000000000e+02
